Jmap
1.С момента запуска программы и до создания и помещения заявок в хранилище было создано 515 различных типов объектов. Из
 них относящихся к реализации именно этой программы, 12 типов объектов по 1 экземпляру на каждый.
ВСего было создано 35650 различных объектов, общим объемом памяти 1685kB.
___________________________________________________________________
....
 486:             1             16  ru.job4j.tracker.ConsoleInput
 487:             1             16  ru.job4j.tracker.ConsoleOutput
 488:             1             16  ru.job4j.tracker.CreateAction
 489:             1             16  ru.job4j.tracker.CreateManyItems
 490:             1             16  ru.job4j.tracker.DeleteAction
 491:             1             16  ru.job4j.tracker.DeleteAllItems
 492:             1             16  ru.job4j.tracker.ExiteAction
 493:             1             16  ru.job4j.tracker.FindByIDAction
 494:             1             16  ru.job4j.tracker.FindByNameAction
 495:             1             16  ru.job4j.tracker.ReplaceAction
 496:             1             16  ru.job4j.tracker.ShowAllAction
 497:             1             16  ru.job4j.tracker.StartUI
....
_____________________________________________________________________
Total         35650        1726360

2.
После добалвения 10400 заявок, количество объектов изменилось и объем памяти именился:
________________________________________________________________
Total        221518        9958008



Jstat
1. С момент запуска программы и создания всех стартовых объектов, в время ожидания действий пользователя, размер занятых
областей памяти меняется незначительно. Отслеживание проводит в течении 300 секунд раз в 5 секунд.
___________________________________________________________________
    S0C         S1C         S0U         S1U          EC           EU           OC
  OU          MC         MU       CCSC      CCSU     YGC     YGCT     FGC    FGCT     CGC    CGCT       GCT
 8     0,022     1     0,008     0     0,000     0,031
        0,0      2048,0         0,0       682,7       8192,0          0,0      10240,0       2648,9     7488,0     7132,3     960,0     770,4      8     0,022     1     0,008     0     0,000     0,031
        0,0      2048,0         0,0       682,7       8192,0          0,0      10240,0       2648,9     7488,0     7132,3     960,0     770,4      8     0,022     1     0,008     0     0,000     0,031
        0,0      2048,0         0,0       682,7       8192,0          0,0      10240,0       2648,9     7488,0     7132,3     960,0     770,4      8     0,022     1     0,008     0     0,000     0,031
        0,0      2048,0         0,0       682,7       8192,0          0,0      10240,0       2648,9     7488,0     7132,3     960,0     770,4      8     0,022     1     0,008     0     0,000     0,031
        0,0      2048,0         0,0       682,7       8192,0       2048,0      10240,0       2648,9     7488,0     7132,3     960,0     770,4      8     0,022     1     0,008     0     0,000     0,031
        0,0      2048,0         0,0       682,7       8192,0       2048,0      10240,0       2648,9     7488,0     7132,3     960,0     770,4      8     0,022     1     0,008     0     0,000     0,031
        0,0      2048,0         0,0       682,7       8192,0       2048,0      10240,0       2648,9     7488,0     7132,3     960,0     770,4      8     0,022     1     0,008     0     0,000     0,031
        0,0      2048,0         0,0       682,7       8192,0       2048,0      10240,0       2648,9     7488,0     7132,3     960,0     770,4      8     0,022     1     0,008     0     0,000     0,031
        0,0      2048,0         0,0       682,7       8192,0       2048,0      10240,0       2648,9     7488,0     7132,3     960,0     770,4      8     0,022     1     0,008     0     0,000     0,031
        0,0      2048,0         0,0       682,7       8192,0       2048,0      10240,0       2648,9     7488,0     7132,3     960,0     770,4      8     0,022     1     0,008     0     0,000     0,031
        0,0      2048,0         0,0       682,7       8192,0       2048,0      10240,0       2648,9     7488,0     7132,3     960,0     770,4      8     0,022     1     0,008     0     0,000     0,031
        0,0      2048,0         0,0       682,7       8192,0       2048,0      10240,0       2648,9     7488,0     7132,3     960,0     770,4      8     0,022     1     0,008     0     0,000     0,031
__________________________________________________________________
2.
После добавления 10400 заявок, не увидел существенных изменений:
      0,0      2048,0         0,0      2048,0       8192,0       2048,0      10240,0       3172,4     7808,0     7510,5     960,0     804,4     16     0,040     1     0,008     0     0,000     0,049
        0,0      2048,0         0,0      2048,0       8192,0       2048,0      10240,0       3172,4     7808,0     7510,5     960,0     804,4     16     0,040     1     0,008     0     0,000     0,049
        0,0      2048,0         0,0      2048,0       8192,0       2048,0      10240,0       3172,4     7808,0     7510,5     960,0     804,4     16     0,040     1     0,008     0     0,000     0,049
        0,0      2048,0         0,0      2048,0       8192,0       2048,0      10240,0       3172,4     7808,0     7510,5     960,0     804,4     16     0,040     1     0,008     0     0,000     0,049
        0,0      2048,0         0,0      2048,0       8192,0       2048,0      10240,0       3172,4     7808,0     7510,5     960,0     804,4     16     0,040     1     0,008     0     0,000     0,049
        0,0      2048,0         0,0      2048,0       8192,0       2048,0      10240,0       3172,4     7808,0     7510,5     960,0     804,4     16     0,040     1     0,008     0     0,000     0,049
        0,0      2048,0         0,0      2048,0       8192,0       2048,0      10240,0       3172,4     7808,0     7510,5     960,0     804,4     16     0,040     1     0,008     0     0,000     0,049

________________________________________________________________


Jconsole
1. С момента запуска программы видны изменения объема использованной памяти во время сборок муссора.
Целевой размер кучи составил 4.1 Gb.
Используемое от 3.5-5.5Mb.
Зарезервированное место 21.2 Mb.
Количество потоков в момент начала работы программы было равно 16 threads. Спустя 5 минут ожидания уменьшилось до 14
threads.
Количество загруженных объектов  объектов 2360.

2. После добавления 100000 заявок, объем используемого места в куче увеличился 33.6-55.5Mb.
Зарезервированное место 81.2 Mb.
Количество потоков изменилось до 17, после чего опять опустилось до 14.
Количество загруженных объектов увеличилось до 2430.
3. После удаления всех заявок, сразу размер используемой памяти изменился не существенно. Через некоторое время
уменьшился до 22-30mb
4. За время работы программы было произведено 29 сборок молодого поколения и 1 сборка старого поколения.